<<<<<<< HEAD
﻿Numéro     Image     Nom         PV     Att     Déf     Att.S  Déf.S  Vitesse   EXP
001     001     Bulbizarre      045     049     049     065     065     045     064
002     002     Herbizarre      060     062     063     080     080     060     142
003     003     Florizarre      080     082     083     100     100     080     263
004     004     Salamèche       039     052     043     060     050     065     062
005     005     Reptincel       058     064     058     080     065     080     142
006     006     Dracaufeu       078     084     078     109     085     100     267
007     007     Carapuce        044     048     065     050     064     043     063
008     008     Carabaffe       059     063     080     065     080     058     142
009     009     Tortank         079     083     100     085     105     078     265
010     010     Chenipan        045     030     035     020     020     045     039
011     011     Chrysacier      050     020     055     025     025     030     072
012     012     Papilusion      060     045     050     090     080     070     198
013     013     Aspicot         040     035     030     020     020     050     052
014     014     Coconfort       045     025     050     025     025     035     071
015     015     Dardargnan      065     090     040     045     080     075     159
016     016     Roucool         040     045     040     035     035     056     055
017     017     Roucoups        063     060     055     050     050     071     113
018     018     Roucarnage      083     080     075     070     070     101     172
019     019     Rattata         030     056     035     025     035     072     057
020     020     Rattatac        055     081     060     050     070     097     116
021     021     Piafabec        040     060     030     031     031     070     058
022     022     Rapasdepic      065     090     065     061     061     100     162
023     023     Abo             035     060     044     040     054     055     062
024     024     Arbok           060     095     069     065     079     080    147
025     025     Pikachu         035     055     040     050     050     090     112
026     026     Raichu          060     090     055     090     080     110     243
027     027     Sabelette       050     075     085     020     030     040     093
028     028     Sablaireau      075     100     110     045     055     065     163
029     029     Nidoran F       055     047     052     040     040     041     059
030     030     Nidorina        070     062     067     055     055     056     117
031     031     Nidoqueen       090     092     087     075     085     076     194
032     032     Nidoran M       046     057     040     040     040     050     060
033     033     Nidorino        061     072     057     055     055     065     118
034     034     Nidoking        081     102     077     085     075     085     195
035     035     Mélofée         070     045     048     060     065     035     113
036     036     Mélodelfe       095     070     073     095     090     060     242
037     037     Goupix          038     041     040     050     065     065     060
038     038     Feunard         073     076     075     081     100     100     177
039     039     Rondoudou       115     045     020     045     025     020     076
040     040     Grodoudou       140     070     045     085     050     045     109
041     041     Nosferapti      040     045     035     030     040     055     054
042     042     Nosferalto      075     080     070     065     075     090     171
043     043     Mystherbe       045     050     055     075     065     030     064
044     044     Ortide          060     065     070     085     075     040     138
045     045     Rafflesia       075     080     085     110     090     050     245
046     046     Paras           035     070     055     045     055     025     070
047     047     Parasect        060     095     080     060     080     030     128
048     048     Mimitoss        060     055     050     040     055     045     075
049     049     Aéromite        070     065     060     090     075     090     138
050     050     Taupiqueur      010     055     025     035     045     095     053
051     051     Triopikeur      035     100     050     050     070     120     149
052     052     Miaouss         040     045     035     040     040     090     058
053     053     Persian         065     070     060     065     065     115     154
054     054     Psykokwak       050     052     048     065     050     055     080
055     055     Akwakwak        080     082     078     095     080     085     174
056     056     Férosinge       040     080     035     035     045     070     074
057     057     Colossinge      065     105     060     060     070     095     149
058     058     Caninos         055     070     045     070     050     060     070
059     059     Arcanin         090     110     080     100     080     095     194
060     060     Ptitard         040     050     040     040     040     090     077
061     061     Têtarte         065     065     065     050     050     090     131
062     062     Tartard         090     095     095     070     090     070     185
063     063     Abra            025     020     015     105     055     090     075
064     064     Kadabra         040     035     030     120     070     105     145
065     065     Alakazam        055     050     045     135     095     120     186
066     066     Machoc          070     080     050     035     035     035     061
067     067     Machopeur       080     100     070     050     060     045     142
068     068     Mackogneur      090     130     080     065     085     055     253
069     069     Chétiflor       050     075     035     070     030     040     084
070     070     Boustiflor      065     090     050     085     045     055     151
071     071     Empiflor        080     105     065     100     070     070     191
072     072     Tentacool       040     040     035     050     100     070     105
073     073     Tentacruel      080     070     065     080     120     100     205
074     074     Racaillou       040     080     100     030     030     020     073
075     075     Gravalanch      055     095     115     045     045     035     134
076     076     Grolem          080     120     130     055     065     045     177
077     077     Ponyta          050     085     055     065     065     090     082
078     078     Galopa          065     100     070     080     080     105     175
079     079     Ramoloss        090     065     065     040     040     015     099
080     080     Flagadoss       095     075     110     100     080     030     164
081     081     Magnéti         025     035     070     095     055     045     089
082     082     Magnéton        050     060     095     120     070     070     161
083     083     Canarticho      052     090     055     058     062     060     132
084     084     Doduo           035     085     045     035     035     075     096
085     085     Dodrio          060     110     070     060     060     110     158
086     086     Otaria          065     045     055     045     070     045     100
087     087     Lamantine       090     070     080     070     095     070     176
088     088     Tadmorv         080     080     050     040     050     025     090
089     089     Grotadmorv      105     105     075     065     100     050     157
090     090     Kokiyas         030     065     100     045     025     040     061
091     091     Crustabri       050     095     180     085     045     070     184
092     092     Fantominus      030     035     030     100     035     080     062
093     093     Spectrum        045     050     045     115     055     095     142
094     094     Ectoplasma      060     065     060     130     075     110     250
095     095     Onix            035     045     160     030     045     070     077
096     096     Soporifik       060     048     045     043     090     042     102
097     097     Hypnomade       085     073     070     073     115     067     165
098     098     Krabby          030     105     090     025     025     050     065
099     099     Krabboss        055     130     115     050     050     075     166
100     100     Voltorbe        040     030     050     055     055     100     103
101     101     Électrode       060     050     070     080     080     150     150
102     102     Noeunoeuf       060     040     080     060     045     040     098
103     103     Noadkoko        095     095     085     0125     075     055     212
104     104     Osselait        050     050     095     040     050     035     087
105     105     Ossatueur       060     080     110     050     080     045     124
106     106     Kicklee         050     120     053     035     110     087     159
107     107     Tygnon          050     105     079     035     110     076     159
108     108     Excelangue      090     055     075     060     075     030     127
109     109     Smogo           040     065     095     060     045     035     068
110     110     Smogogo         065     090     120     085     070     060     172
111     111     Rhinocorne      080     085     095     030     030     025     069
112     112     Rhinoféros      105     130     120     045     045     040     170
113     113     Leveinard       250     005     005     035     105     050     395
114     114     Saquedeneu      065     055     115     100     040     060     166
115     115     Kangourex       105     095     080     040     080     090     175
116     116     Hypotrempe      030     040     070     070     025     060     083
117     117     Hypocéan        055     065     095     095     045     085     155
118     118     Poissirène      045     067     060     035     050     063     064
119     119     Poissoroy       080     092     065     065     080     068     119
120     120     Stari           030     045     055     070     055     085     106
121     121     Staross         060     075     085     100     085     115     207
122     122     M. Mime         040     045     065     100     120     090     161
123     123     Insécateur      070     110     080     055     080     105     187
124     124     Lippoutou       065     050     035     115     095     095     137
125     125     Élektek         065     083     057     095     085     105     156
126     126     Magmar          065     095     057     100     085     093     127
127     127     Scarabrute      065     125     100     055     070     085     200
128     128     Tauros          075     100     095     040     070     110     211
129     129     Magicarpe       020     010     055     015     020     080     040
130     130     Léviator        095     125     079     060     100     081     189
131     131     Lokhlass        130     085     080     085     095     060     187
132     132     Métamorph       048     048     048     048     048     048     101
133     133     Évoli           055     055     050     045     065     055     065
134     134     Aquali          130     065     060     110     095     065     184
135     135     Voltali         065     065     060     110     095     130     184
136     136     Pyroli          065     130     060     095     110     065     184
137     137     Porygon         065     060     070     085     075     040     130
138     138     Amonita         035     040     100     090     055     035     099
139     139     Amonistar       070     060     125     115     070     055     199
140     140     Kabuto          030     080     090     055     045     055     099
141     141     Kabutops        060     115     105     065     070     080     199
142     142     Ptéra           080     105     065     060     075     130     202
143     143     Ronflex         160     110     065     065     110     030     189
144     144     Artikodin       090     085     100     095     125     085     215
145     145     Électhor        090     090     085     125     090     100     216
146     146     Sulfura         090     100     090     125     085     090     217
147     147     Minidraco       041     064     045     050     050     050     067
148     148     Draco           061     084     065     070     070     070     144
149     149     Dracolosse      091     134     095     100     100     080     218
150     150     Mewtwo          106     110     090     154     090     130     220
151     151     Mew             100     100     100     100     100     100     064
=======
Numéro 	Image 	Nom 		PV 	Att 	Déf 	Att.S  Déf.S  Vitesse 	EXP	 Total 	Moyenne
001 	001 	Bulbizarre  045 049 	049 	065 	 065 	045 	064	  318 	  53
002   002   Herbizarre  060 062   063   080    080     060 	141	  405 	67,5
003   003   Florizarre    080     082     083     100     100     080    	208	  525 		87,5
004 	004 	Salamèche 	39 	52 	43 	60 	50 	65 		309 	51,5
005 	005 	Reptincel 	58 	64 	58 	80 	65 	80 		405 	67,5
006 	006 	Dracaufeu 	78 	84 	78 	109 	85 	100 		534 	89
007 	007 	Carapuce 	44 	48 	65 	50 	64 	43 		314 	52,33
008 	008 	Carabaffe 	59 	63 	80 	65 	80 	58 		405 	67,5
009 	009 	Tortank 	79 	83 	100 	85 	105 	78 		530 	88,33
010 	010 	Chenipan 	45 	30 	35 	20 	20 	45 	195 	32,5
011 	011 	Chrysacier 	50 	20 	55 	25 	25 	30 	205 	34,17
012 	012 	Papilusion 	60 	45 	50 	90 	80 	70 	395 	65,83
013 	013 	Aspicot 	40 	35 	30 	20 	20 	50 	195 	32,5
014 	014 	Coconfort 	45 	25 	50 	25 	25 	35 	205 	34,17
015 	015 	Dardargnan 	65 	90 	40 	45 	80 	75 	395 	65,83
016 	016 	Roucool 	40 	45 	40 	35 	35 	56 	251 	41,83
017 	017 	Roucoups 	63 	60 	55 	50 	50 	71 	349 	58,17
018 	018 	Roucarnage 	83 	80 	75 	70 	70 	101 	479 	79,83
019 	019 	Rattata 	30 	56 	35 	25 	35 	72 	253 	42,17
020 	020 	Rattatac 	55 	81 	60 	50 	70 	97 	413 	68,83
021 	021 	Piafabec 	40 	60 	30 	31 	31 	70 	262 	43,67
022 	022 	Rapasdepic 	65 	90 	65 	61 	61 	100 	442 	73,67
023 	023 	Abo 		35 	60 	44 	40 	54 	55 	288 	48
024 	024 	Arbok 		60 	95 	69 	65 	79 	80 	448 	74,6
025 	025 	Pikachu 	35 	55 	40 	50 	50 	90 	320 	53,33
026 	026 	Raichu 		60 	90 	55 	90 	80 	110 	485 	80,83
027 	027 	Sabelette 	50 	75 	85 	20 	30 	40 	300 	50
028 	028 	Sablaireau 	75 	100 	110 	45 	55 	65 	450 	75
029 	029 	Nidoran♀ 	55 	47 	52 	40 	40 	41 	275 	45,83
030 	030 	Nidorina 	70 	62 	67 	55 	55 	56 	365 	60,83
031 	031 	Nidoqueen 	90 	92 	87      75 	85 	76 	505 	84,17
032 	032 	Nidoran♂ 	46 	57 	40 	40 	40 	50 	273 	45,5
033 	033 	Nidorino 	61 	72 	57 	55 	55 	65 	365 	60,83
034 	034 	Nidoking 	81 	102 	77 	85 	75 	85 	505 	84,17
035 	035 	Mélofée 	70 	45 	48 	60 	65 	35 	323 	53,83
036 	036 	Mélodelfe 	95 	70 	73 	95 	90 	60 	483 	80,5
037 	037 	Goupix 	38 	41 	40 	50 	65 	65 	299 	49,83
037 	037 	Goupix d'Alola 	38 	41 	40 	50 	65 	65 	299 	49,83
038 	038 	Feunard 	73 	76 	75 	81 	100 	100 	505 	84,17
038 	038 	Feunard d'Alola 	73 	67 	75 	81 	100 	109 	505 	84,17
039 	039 	Rondoudou 	115 	45 	20 	45 	25 	20 	270 	45
040 	040 	Grodoudou 	140 	70 	45 	85 	50 	45 	435 	72,5
041 	041 	Nosferapti 	40 	45 	35 	30 	40 	55 	245 	40,83
042 	042 	Nosferalto 	75 	80 	70 	65 	75 	90 	455 	75,83
043 	043 	Mystherbe 	45 	50 	55 	75 	65 	30 	320 	53,33
044 	044 	Ortide 	60 	65 	70 	85 	75 	40 	395 	65,83
045 	045 	Rafflesia 	75 	80 	85 	110 	90 	50 	490 	81,67
046 	046 	Paras 	35 	70 	55 	45 	55 	25 	285 	47,5
047 	047 	Parasect 	60 	95 	80 	60 	80 	30 	405 	67,5
048 	048 	Mimitoss 	60 	55 	50 	40 	55 	45 	305 	50,83
049 	049 	Aéromite 	70 	65 	60 	90 	75 	90 	450 	75
050 	050 	Taupiqueur 	10 	55 	25 	35 	45 	95 	265 	44,17
050 	050 	Taupiqueur d'Alola 	10 	55 	30 	35 	45 	90 	265 	44,17
051 	051 	Triopikeur 	35 	100 	50 	50 	70 	120 	425 	70,83
051 	051 	Triopikeur d'Alola 	35 	100 	60 	50 	70 	110 	425 	70,83
052 	052 	Miaouss 	40 	45 	35 	40 	40 	90 	290 	48,33
052 	052 	Miaouss d'Alola 	40 	35 	35 	50 	40 	90 	290 	48,33
053 	053 	Persian 	65 	70 	60 	65 	65 	115 	440 	73,33
053 	053 	Persian d'Alola 	65 	60 	60 	75 	60 	115 	435 	72,5
054 	054 	Psykokwak 	50 	52 	48 	65 	50 	55 	320 	53,33
055 	055 	Akwakwak 	80 	82 	78 	95 	80 	85 	500 	83,33
056 	056 	Férosinge 	40 	80 	35 	35 	45 	70 	305 	50,83
057 	057 	Colossinge 	65 	105 	60 	60 	70 	95 	455 	75,83
058 	058 	Caninos 	55 	70 	45 	70 	50 	60 	350 	58,33
059 	059 	Arcanin 	90 	110 	80 	100 	80 	95 	555 	92,5
060 	060 	Ptitard 	40 	50 	40 	40 	40 	90 	300 	50
061 	061 	Têtarte 	65 	65 	65 	50 	50 	90 	385 	64,17
062 	062 	Tartard 	90 	95 	95 	70 	90 	70 	510 	85
063 	063 	Abra 	25 	20 	15 	105 	55 	90 	310 	51,67
064 	064 	Kadabra 	40 	35 	30 	120 	70 	105 	400 	66,67
065 	065 	Alakazam 	55 	50 	45 	135 	95 	120 	500 	83,33
065 	065 	Méga-Alakazam 	55 	50 	65 	175 	105 	150 	600 	100
066 	066 	Machoc 	70 	80 	50 	35 	35 	35 	305 	50,83
067 	067 	Machopeur 	80 	100 	70 	50 	60 	45 	405 	67,5
068 	068 	Mackogneur 	90 	130 	80 	65 	85 	55 	505 	84,17
069 	069 	Chétiflor 	50 	75 	35 	70 	30 	40 	300 	50
070 	070 	Boustiflor 	65 	90 	50 	85 	45 	55 	390 	65
071 	071 	Empiflor 	80 	105 	65 	100 	70 	70 	490 	81,67
072 	072 	Tentacool 	40 	40 	35 	50 	100 	70 	335 	55,83
073 	073 	Tentacruel 	80 	70 	65 	80 	120 	100 	515 	85,83
074 	074 	Racaillou 	40 	80 	100 	30 	30 	20 	300 	50
074 	074 	Racaillou d'Alola 	40 	80 	100 	30 	30 	30 	310 	51,67
075 	075 	Gravalanch 	55 	95 	115 	45 	45 	35 	390 	65
075 	075 	Gravalanch d'Alola 	55 	95 	115 	45 	45 	35 	390 	65
076 	076 	Grolem 	80 	120 	130 	55 	65 	45 	495 	82,5
076 	076 	Grolem d'Alola 	80 	120 	130 	55 	65 	45 	495 	82,5
077 	077 	Ponyta 	50 	85 	55 	65 	65 	90 	410 	68,33
078 	078 	Galopa 	65 	100 	70 	80 	80 	105 	500 	83,33
079 	079 	Ramoloss 	90 	65 	65 	40 	40 	15 	315 	52,5
080 	080 	Flagadoss 	95 	75 	110 	100 	80 	30 	490 	81,67
080 	080 	Méga-Flagadoss 	95 	75 	180 	130 	80 	30 	590 	98,33
081 	081 	Magnéti 	25 	35 	70 	95 	55 	45 	325 	54,17
082 	082 	Magnéton 	50 	60 	95 	120 	70 	70 	465 	77,5
083 	083 	Canarticho 	52 	90 	55 	58 	62 	60 	377 	62,83
084 	084 	Doduo 	35 	85 	45 	35 	35 	75 	310 	51,67
085 	085 	Dodrio 	60 	110 	70 	60 	60 	110 	470 	78,33
086 	086 	Otaria 	65 	45 	55 	45 	70 	45 	325 	54,17
087 	087 	Lamantine 	90 	70 	80 	70 	95 	70 	475 	79,17
088 	088 	Tadmorv 	80 	80 	50 	40 	50 	25 	325 	54,17
088 	088 	Tadmorv d'Alola 	80 	80 	50 	40 	50 	25 	325 	54,17
089 	089 	Grotadmorv 	105 	105 	75 	65 	100 	50 	500 	83,33
089 	089 	Grotadmorv d'Alola 	105 	105 	75 	65 	100 	50 	500 	83.33
090 	090 	Kokiyas 	30 	65 	100 	45 	25 	40 	305 	50,83
091 	091 	Crustabri 	50 	95 	180 	85 	45 	70 	525 	87,5
092 	092 	Fantominus 	30 	35 	30 	100 	35 	80 	310 	51,67
093 	093 	Spectrum 	45 	50 	45 	115 	55 	95 	405 	67,5
094 	094 	Ectoplasma 	60 	65 	60 	130 	75 	110 	500 	83,33
094 	094 	Méga-Ectoplasma 	60 	65 	80 	170 	95 	130 	600 	100
095 	095 	Onix 	35 	45 	160 	30 	45 	70 	385 	64,17
096 	096 	Soporifik 	60 	48 	45 	43 	90 	42 	328 	54,67
097 	097 	Hypnomade 	85 	73 	70 	73 	115 	67 	483 	80,5
098 	098 	Krabby 	30 	105 	90 	25 	25 	50 	325 	54,17
099 	099 	Krabboss 	55 	130 	115 	50 	50 	75 	475 	79,17
100 	100 	Voltorbe 	40 	30 	50 	55 	55 	100 	330 	55
101 	101 	Électrode 	60 	50 	70 	80 	80 	150 	490 	81,67
102 	102 	Noeunoeuf 	60 	40 	80 	60 	45 	40 	325 	54,17
103 	103 	Noadkoko 	95 	95 	85 	125 	75 	55 	530 	88,33
103 	103 	Noadkoko d'Alola 	95 	105 	85 	125 	75 	45 	530 	88,33
104 	104 	Osselait 	50 	50 	95 	40 	50 	35 	320 	53,33
105 	105 	Ossatueur 	60 	80 	110 	50 	80 	45 	425 	70,83
105 	105 	Ossatueur d'Alola 	60 	80 	110 	50 	80 	45 	425 	70.83
106 	106 	Kicklee 	50 	120 	53 	35 	110 	87 	455 	75,83
107 	107 	Tygnon 	50 	105 	79 	35 	110 	76 	455 	75,83
108 	108 	Excelangue 	90 	55 	75 	60 	75 	30 	385 	64,17
109 	109 	Smogo 	40 	65 	95 	60 	45 	35 	340 	56,67
110 	110 	Smogogo 	65 	90 	120 	85 	70 	60 	490 	81,67
111 	111 	Rhinocorne 	80 	85 	95 	30 	30 	25 	345 	57,5
112 	112 	Rhinoféros 	105 	130 	120 	45 	45 	40 	485 	80,83
113 	113 	Leveinard 	250 	5 	5 	35 	105 	50 	450 	75
114 	114 	Saquedeneu 	65 	55 	115 	100 	40 	60 	435 	72,5
115 	115 	Kangourex 	105 	95 	80 	40 	80 	90 	490 	81,67
115 	115 	Méga-Kangourex 	105 	125 	100 	60 	100 	100 	590 	98,33
116 	116 	Hypotrempe 	30 	40 	70 	70 	25 	60 	295 	48,17
117 	117 	Hypocéan 	55 	65 	95 	95 	45 	85 	440 	73,33
118 	118 	Poissirène 	45 	67 	60 	35 	50 	63 	320 	53,33
119 	119 	Poissoroy 	80 	92 	65 	65 	80 	68 	450 	75
120 	120 	Stari 	30 	45 	55 	70 	55 	85 	340 	56,67
121 	121 	Staross 	60 	75 	85 	100 	85 	115 	520 	86,67
122 	122 	M. Mime 	40 	45 	65 	100 	120 	90 	460 	76,67
123 	123 	Insécateur 	70 	110 	80 	55 	80 	105 	500 	83,33
124 	124 	Lippoutou 	65 	50 	35 	115 	95 	95 	455 	75,83
125 	125 	Élektek 	65 	83 	57 	95 	85 	105 	490 	81,67
126 	126 	Magmar 	65 	95 	57 	100 	85 	93 	495 	82,5
127 	127 	Scarabrute 	65 	125 	100 	55 	70 	85 	500 	83,33
127 	127 	Méga-Scarabrute 	65 	155 	120 	65 	90 	105 	600 	100
128 	128 	Tauros 	75 	100 	95 	40 	70 	110 	490 	81,67
129 	129 	Magicarpe 	20 	10 	55 	15 	20 	80 	200 	33,33
130 	130 	Léviator 	95 	125 	79 	60 	100 	81 	540 	90
130 	130 	Méga-Léviator 	95 	155 	109 	70 	130 	81 	640 	106,67
131 	131 	Lokhlass 	130 	85 	80 	85 	95 	60 	535 	89,17
132 	132 	Métamorph 	48 	48 	48 	48 	48 	48 	288 	48
133 	133 	Évoli 	55 	55 	50 	45 	65 	55 	325 	54,17
134 	134 	Aquali 	130 	65 	60 	110 	95 	65 	525 	87,5
135 	135 	Voltali 	65 	65 	60 	110 	95 	130 	525 	87,5
136 	136 	Pyroli 	65 	130 	60 	95 	110 	65 	525 	87,5
137 	137 	Porygon 	65 	60 	70 	85 	75 	40 	395 	65,83
138 	138 	Amonita 	35 	40 	100 	90 	55 	35 	355 	59,17
139 	139 	Amonistar 	70 	60 	125 	115 	70 	55 	495 	82,5
140 	140 	Kabuto 	30 	80 	90 	55 	45 	55 	355 	59,17
141 	141 	Kabutops 	60 	115 	105 	65 	70 	80 	495 	82,5
142 	142 	Ptéra 	80 	105 	65 	60 	75 	130 	515 	85,83
142 	142 	Méga-Ptéra 	80 	135 	85 	70 	95 	150 	615 	102,5
143 	143 	Ronflex 	160 	110 	65 	65 	110 	30 	540 	90
144 	144 	Artikodin 	90 	85 	100 	95 	125 	85 	580 	96,67
145 	145 	Électhor 	90 	90 	85 	125 	90 	100 	580 	96,67
146 	146 	Sulfura 	90 	100 	90 	125 	85 	90 	580 	96,67
147 	147 	Minidraco 	41 	64 	45 	50 	50 	50 	300 	50
148 	148 	Draco 	61 	84 	65 	70 	70 	70 	420 	70
149 	149 	Dracolosse 	91 	134 	95 	100 	100 	80 	600 	100
150 	150 	Mewtwo 	106 	110 	90 	154 	90 	130 	680 	113,33
151 	151 	Mew 	100 	100 	100 	100 	100 	100 	600 	100
>>>>>>> Alexis
